0.667
1.6771875
1.4340625
0
0
0
2.591785714
4.616944444
3.048333333
3.664166667
1.189375
8.795555556
10.16119048
3.746666667
1.907222222
0
3.33125
1.8025
3.978333333
3.215625
0
0.0575
0.230833333
1.16
5.025833333
0
6.378611111
0.320625
2.35
1.683333333
1.686875
0
4.146666667
0.201666667
9.261875
0.928125
1.464166667
3.323
2.584583333
5.905
0.039375
0
4.3825
0
0.753333333
0.373333333
2.28625
0
0.94
3.1446875
0.32625
1.3525
0.058125
8.335
1.79875
0
0.146
0
0
3.138333333
0.8475
0.625
0.134
1.559166667
0.965
1.191666667
2.935
5.595277778
0
4.086875
2.109722222
4.600833333
0.641428571
4.086
0
2.551944444
1.393125
1.751833333
3.8903125
4.475
13.465
6.6153125
3.82125
2.929895833
8.4875
3.7265625
0
0.26625
0
1.1775
0.074375
4.25625
0.1575
1.235
0.0175
0
0.7275
2.099375
0.11625
8.1709375
0.98125
7.990625
1.779583333
2.876875
0.8165
11.8925
2.2528125
3.1896875
6.38375
7.93625
6.355625
4.5065
2.830277778
1.761875
7.754625
8.9215625
0
9.1
0
8.1875
6.506041667
0
0.901875
0
5.195958333
0
5.27125
0
6.3028125
0.79875
0.4975
3.003958333
0.74875
0
7.854083333
0.474375
0
3.410125
6.9584375
0.05625
0.799375
4.216875
5.39625
4.558875
1.984375
5.718333333
0.090625
0
0.0375
7.4375
5.445625
0
3.700833333
0
2.5734375
0
5.1903125
2.284375
5.0771875
0.178125
3.358125
4.9025
0.72425
1.820857143
1.7659375
6.37875
3.82375
2.266428571
11.5140625
5.075625
9.783125
1.07875
0.53
1.91625
NA
7.365714286
1.307375
2.172857143
0.6140625
9.9453125
8.219125
11.3278125
2.366375
0
1.79
0.01875
7.057083333
1.906875
3.84625
0.28
0
6.201875
0
1.8596875
3.0265625
0.095
7.6103125
5.8725
3.7115
0.654375
1.80125
0.91125
4.894791667
0.138375
1.956875
1.3925
1.47125
9.339375
0
5.349375
10.28145833
3.0665625
1.321875
1.080625
0
5.794375
3.59
0
NA
0
0
0.671875
3.66047619
0
1.29625
1.956875
0.738125
2.520625
2.60625
0
0
0.1125
6.026666667
0
1.2834375
6.73625
0
0
0
2.815208333
5.180104167
5.183125
13.757
4.6040625
5.717625
0
1.949166667
4.61875
0
1.258125
1.2825
2.1840625
2.97125
4.850625
1.118541667
0
0
3.2628125
3.958125
0
7.058
6.3328125
0.474375
4.104270833
2.135
4.330625
0
5.470833333
0.976666667
6.623541667
0
1.7603125
4.533333333
0
1.74625
5.287708333
1.790875
3.409375
0
0
0
3.682083333
0
4.4696875
2.31
0
5.877708333
6.990625
0
0
0.422166667
0.431875
4.528854167
0.678333333
0.545625
0.995
4.129791667
0
0
3.172916667
5.463625
6.891666667
6.9215625
8.566375
10.5925
0
2.6128125
1.243125
0
0
1.484375
0
6.361666667
1.302142857
5.543125
0.125
2.515041667
10.15885417
12.17604167
14.2490625
9.491875
0.615625
4.898125
7.36
0.086875
6.19
0.1825
0
3.8425
0.07375
6.96125
0.81375
18.348125
0
10.528125
0.656
5.103125
0
0
0
1.6375
0
7.275
8.339625
6.938333333
17.605
0.99125
11.033125
2.618333333
0
3.0253125
0.204375
4.3175
0.2925
0.3925
1.334375
0
9.91625
0
2.2709375
3.600729167
1.21375
7.338333333
5.384166667
6.221875
0.893333333
6.340625
0
0
11.74479167
14.873125
0.154375
7.96375
4.624375
4.786458333
3.343229167
1.9728125
0.670625
10.23020833
2.294208333
7.654285714
1.605416667
0
1.474375
3.844375
0.18
6.7603125
2.746916667
0
0.095833333
4.1634375
8.7096875
8.5021875
1.166875
0.58125
0
1.61375
0.129375
2.720625
NA
2.664166667
0.09
4.6634375
6.562708333
0
3.559375
6.0396875
2.07375
7.898958333
10.78
1.115625
2.43675
3.3634375
9.960625
3.1475
1.40875
2.6996875
12.0465625
3.067604167
1.334583333
10.3965625
5.158958333
11.8215625
0.18125
5.503125
1.046458333
0
8.633854167
1.600625
5.173958333
12.52954167
3.8671875
0.07125
0.66
9.090833333
9.53375
12.7915625
0.2775
8.715416667
0
5.597142857
11.62052083
2.574375
7.155
0.436875
0.31625
4.586428571
3.3875
7.8278125
10.97354167
0
0.1625
8.9871875
0.074166667
2.5925
15.24541667
7.9421875
10.399375
0.399375
4.242
10.97229167
10.551875
4.646979167
4.8140625
1.591875
5.3165625
13.3240625
13.3575
7.1621875
3.53875
7.3715625
10.56125
3.2721875
5.6315625
0
2.58125
0.926875
0
0.913125
0.514166667
10.09447917
0.42125
11.7878125
1.886875
0.2275
4.0265625
7.8503125
9.9728125
0
0.610357143
1.0725
3.225
9.1828125
0
6.9375
4.5559375
8.3909375
6.19875
3.591944444
2.6740625
4.3475
13.45
9.8496875
12.80104167
6.808541667
7.785208333
14.40875
2.045104167
8.8715625
0.10375
0
2.30625
6.9075
0
2.641875
4.2428125
0.528708333
4.3403125
10.28875
2.680833333
0.256
9.638333333
6.59
6.021875
2.069
0
8.6125
1.795
0.291666667
4.300714286
5.51875
1.8005
3.99
0.5125
0
1.919444444
5.687857143
1.883125
0.911041667
11.955
6.644375
0
10.3425
8.587083333
0
10.2178125
6.581979167
11.53625
1.7415625
4.3434375
0
13.98208333
5.673333333
10.12479167
13.519375
18.6903125
8.0875
0
7.414375
13.455
15.61408333
1.8484375
0.944479167
12.74864583
5.4978125
3.595
0.335
0.121875
11.85341667
11.77520833
17.733
8.181354167
11.9634375
0
1.1328125
3.784479167
14.6203125
0
13.74375
7.1703125
17.9453125
18.63833333
7.832083333
12.22927083
11.52375
8.1675
2.18875
16.0425
10.24625
8.97375
2.1225
13.6821875
1.341875
11.7778125
1.639166667
8.8459375
0.271875
9.291666667
11.79375
15.660625
1.3575
11.74125
5.5765625
7.328125
8.7415625
0.794375
8.486875
0.508125
0.583125
5.448125
0
8.589479167
6.258541667
7.465
2.584285714
15.40020833
12.2034375
0.24375
11.16208333
3.186875
5.699791667
13.89666667
19.92520833
9.891875
NA
8.81
0
4.320833333
14.6971875
0.5225
10.34125
11.3690625
9.3278125
0.86125
