0.2751493649
2.5954864898
1.4146957888
1.9946697005
0.8932917717
-1.523483865
0.0979884083
-0.28512661
-3.097764999
-3.235259304
2.1747790649
3.2193922631
1.6333706545
0.9927948786
-0.032296519
2.4960443942
0.1739209184
2.3661137294
1.7086366259
0.7367976711
2.0854065282
-0.006502764
-0.596300304
1.3022448273
1.8047853737
-3.127360724
-0.403417207
1.4027888264
2.4041965896
1.5333484914
0.2599430665
-2.973726193
0.6938497907
1.0703471217
-0.881670428
1.6215381583
0.4210978332
1.7892354532
2.0356567205
0.6998745013
1.245944238
-5.090142408
1.163454583
1.9733950269
1.6274595429
-0.001871751
1.3478206814
0.2662304074
0.436718267
1.2414862316
0.3694993585
-0.631999819
0.1107211216
1.9241631429
0.2936346333
1.5496242117
-0.836632713
0.8621273577
0.4327559683
0.3970424354
-1.006801733
2.204654841
-3.676950883
1.7288877064
2.5954945722
1.5051561798
-2.948610166
3.4723086558
0.7330947929
0.7076046656
2.0537190934
3.6879144054
0.266597052
2.4344086531
-0.311831658
2.1248098527
0.2688416386
2.3519151114
1.499988493
2.7328620476
2.4589823545
2.6314719367
1.8977945073
2.5278899734
2.7011999167
1.4427751148
1.5951344371
-0.836238409
0.0526031237
0.7446835704
-3.584969991
3.2764486183
2.0979581095
0.8258407223
0.1260285769
-0.264413237
-0.048717667
-0.979030871
1.2944334601
2.937148488
2.0641141278
1.9232481519
1.4346722379
2.2342257262
2.1323989039
2.6995458077
-0.742160182
2.0185862292
3.4350934472
0.5592550086
0.5710272149
1.8940522216
2.4905250959
-1.165102714
2.1040629627
2.7782721503
0.7030124212
2.4822902091
-0.041779484
0.9850725811
2.4767937944
0.3376527895
1.1317024696
1.8457997165
3.1634517474
0.9034958927
2.6081292626
1.869791503
1.931640064
0.4206451395
0.9249811934
1.6563863021
1.3315089567
0.1041516603
2.5976513045
-0.997856735
-2.549765222
0.0107965074
2.6192759075
1.1096868497
-2.169174801
2.8124162224
0.7278459664
2.4539497171
1.759891409
1.0284997431
0.510274222
1.2413128439
1.7144032251
2.1584924115
1.9174341235
1.0861379314
3.0717856886
-1.291609377
0.7799324903
0.6824969173
3.346278994
1.5675763152
1.4839186227
-1.609984937
2.1111693088
1.9705853399
3.3176221398
0.2784539091
-0.206340209
3.5003959202
-0.622234486
0.4532184537
2.5515742505
2.470153036
3.6347353073
-0.47040571
-0.81624981
0.8658462001
NA
3.1152206268
1.492036304
1.7551553774
0.0103524777
1.7604391738
2.8304469476
3.6580851389
0.9535436448
-2.227864217
-5.034031872
2.1078530942
2.3453753489
-3.135425468
1.8560494243
0.0648158264
2.3624641146
2.5817764559
0.0406139729
2.2033550531
1.815398173
-2.220774718
1.6016268604
2.282884173
2.3251476337
-0.900255917
1.5493833234
-3.085110085
-0.356954745
1.4824138724
2.7240532715
-2.119144371
1.1407182585
2.5610453529
1.2412965872
3.3129949549
-0.435341367
2.4245856119
1.98141397
1.1119405712
1.3405853359
1.3055426131
0.9243779421
-0.999872769
NA
-0.577060027
0.2159804575
-1.488064109
1.7739793192
-0.355126144
-0.592838152
2.1474038824
2.4705464294
1.5985905419
1.3819711231
2.0854365565
2.09013211
2.4986027921
0.8098926412
1.5613623304
1.5110619755
2.2257809895
-3.410490429
0.2971627695
-0.87795683
1.2454271988
2.9330475334
1.88379583
-1.545712222
1.2959592849
1.1987697921
0.8563867878
0.7379372918
2.7754225937
1.7088525362
1.9151945575
-0.693834082
1.6281793151
3.5611418701
1.4244019249
1.4951459633
-0.36694476
-0.541166711
1.7425342104
-0.923685191
-0.042640052
4.3633884076
2.9164451918
1.1735912356
2.419390151
1.4194922661
1.85803525
1.3604058775
0.8826951679
-1.51780874
1.8317781412
1.4708274528
0.527857873
0.5119350084
2.2477889603
-1.244885949
2.9802853528
2.0655232551
1.5342863831
-0.233320158
1.3515751261
2.128086358
1.4922332251
-0.782470319
3.3523178385
0.9765435199
-1.671823196
-0.07088305
2.9199089849
2.3180443554
-4.248661946
0.7801341823
-1.283342995
2.057506627
-1.40283033
2.1990564632
0.6092355399
2.1853532335
-0.731251517
-2.00301305
0.6240114417
2.8671044104
0.5291958533
0.1577753528
0.2792818895
2.5284225126
-3.75217429
1.7661120129
1.2534859214
0.7206000046
0.0372235278
1.2362088448
-3.538414128
0.6563000233
1.5786723252
2.0914658342
-2.621512152
1.6690569308
1.5698237386
1.4016400736
2.2952193869
2.2044384254
0.7863215584
0.509663699
2.7998724871
-2.358560383
3.1314318998
-0.264983316
1.1051778408
-0.560727343
-0.788041822
2.1114616631
0.1541926432
2.1464611133
0.9315093392
1.9059123126
1.9279510357
2.040383534
1.0971430155
0.7658369601
0.7478913108
1.5733268094
-2.454183481
2.2288073548
-0.118362735
-0.082720596
2.6291253583
-0.723593502
2.070134958
-3.806537498
1.9228073769
3.1837578009
-0.015373824
1.9702978371
1.6103849638
0.4040766446
1.1458615838
-0.362860704
2.4621179597
1.4938341411
-1.107763408
2.1109844937
0.6610064699
1.6449649993
1.5822294294
1.6133913373
1.6006853452
1.6524337424
0.2000796117
1.6073626355
1.8401547142
2.9479056606
-0.459954293
2.78747432
3.1402840399
2.4226229916
-2.077052733
1.537153693
1.516434071
2.2663728997
0.7299165744
1.9926778613
2.0500239951
-0.207462457
-1.957775686
1.2309125853
-1.622000872
2.7041067412
1.0838258674
1.6551035575
0.4389858463
1.6465024566
1.1733805339
2.3657250785
1.2680819365
-0.310180497
-0.639544014
1.7140184364
1.6276526784
1.5854448676
NA
1.2400199173
-0.580594466
0.8193658326
1.9836785145
-4.154625472
1.6905477428
1.5819386669
0.4529448903
2.2459638143
-1.001227558
2.0310289625
-0.199004446
-0.18896105
1.1683423883
0.2186007484
-1.931270609
2.6948063593
2.7881768794
2.3638755712
1.0539388476
2.9026680697
0.5269560757
1.4231233944
-0.686740249
0.7204187818
-1.186671941
-0.132781674
2.5633490392
0.587230955
0.9624584127
1.4485617505
1.9177191698
-0.178370622
1.341256134
3.5290858517
1.3387792821
3.0130078134
-0.414241003
1.6065247148
0.8720531889
0.4870854169
2.6879265723
1.4986124913
-1.479177489
1.3303706259
1.0612298295
1.5855453703
1.5473475033
1.9335085663
2.1811608267
1.1837190753
-0.970153113
1.3709459242
0.8192135919
1.9530746015
2.9163946733
2.8629961007
2.9849180728
0.3706257603
-3.876414578
1.1050891849
3.3178345678
1.5360120153
2.4768600391
-1.697461163
-1.522591481
1.5447253762
1.9449689324
1.7585828702
0.8385048507
1.123274413
1.3052704212
1.4199870022
1.3898108273
1.4254274303
1.1064254364
-1.694825608
-1.048418347
0.9631218355
1.5908580372
1.1121298879
-1.248011773
1.7454622627
-0.321868147
1.3158992792
0.1471638285
2.91269096
1.2408593652
0.2158016655
1.9213434979
0.4503428669
1.380590102
2.7211029751
1.2790738993
1.730706533
1.0359087496
-0.673618283
1.3206963902
3.1929582765
0.7176787031
2.1275685396
2.8980215898
2.2443847763
2.4629803423
2.0204379522
1.8141414876
2.0445177813
2.1689129762
-0.406155972
1.1312557298
0.7310118064
3.0594004942
0.8786680412
-0.250110689
2.1152881796
2.9195259475
0.3762225142
0.7697146257
1.3454894563
1.8790298405
-3.145857732
1.9337538213
3.8841768757
2.8503664871
0.8765376105
1.2282964464
1.9077355824
1.3658804636
-1.493842454
1.0582242278
1.5305101385
0.3563507245
1.4060013956
NA
0.7593795788
3.0246804525
2.9686719226
0.8502030113
0.4790936997
1.7225852197
0.4805435913
-1.456645296
0.6749025891
1.8384468951
-0.303196241
1.1358839883
1.3415233359
1.8466554588
1.1589904748
1.9375602065
1.1050767655
2.6629753245
1.5571741911
2.9250432099
1.7923474908
3.2296257124
3.5092598064
0.0755856745
3.3074410357
1.1358140716
2.3767204252
1.693289894
1.9271789654
0.9823710326
1.2658719077
0.8065074872
1.5769934883
1.6784881156
0.1431366763
1.2038777999
2.3900284632
2.4868857667
0.767539822
0.6509125132
1.1010967
1.3482936326
1.8360599069
1.465612768
2.2779493173
1.69799542
2.6742141645
1.4247219914
0.8043558747
0.5222118043
2.0759279544
0.9434765752
1.1330418953
1.0864827726
1.618023038
1.0496831564
1.364289968
3.4163502246
-0.16157085
2.558731348
0.8650369104
0.7127475815
1.6104392859
2.3296582036
1.0632150069
3.0420246781
0.6128586093
2.8920742428
-0.317604482
2.0996917557
0.9248171949
1.5235790529
1.6331037786
0.626997362
1.2291488366
0.9614074907
2.0371240176
1.5583305656
2.078103668
2.5057555025
1.9468916401
3.0299157316
1.8864472963
0.1454684553
2.3237709544
1.6744411693
-0.567925216
3.5228898027
2.6381381573
0.2753058011
NA
1.1759860533
0.7862408908
2.4585311245
1.4373186349
0.4288072157
1.8329137418
3.3697049127
3.0526463431
1.9612285308
