15
23
30
27
25
28
29
19
25
27
22
24
27
29
26
29
NA
27
29
28
27
30
NA
29
21
30
27
30
30
29
26
27
28
17
27
23
29
28
19
25
21.42857143
30
16
30
28
28
27
30
28
0
25
28
30
3
14
8
24
25
27
30
18
18
30
27
28
29
26
19
27
26
20
4
28
25
5
26
29
23
7
10
27
15
11
19
15.6
16
29
27
18.88888889
30
28
3
23
26
26
30
20.4
28
1
28
23
NA
15
24
4.137931034
10
29
25
NA
18
26
NA
7
29
19
19
28
25
NA
23
1
28
16
30
3
0
8.75
23
6
25
30
29
19
30
NA
27
30
30
7
28.92857143
18
24
28
19
29
16
27
26
28
11
2
28
12
30
26
20
NA
23
28
28
24
23
23
10.8
30
5
29
24
25
22
0
28
27
24
25
0
9
NA
11
24
20
1
27
30
30
1
27
25
29
27
29
30
28
24
NA
26
19
25.71428571
1
NA
26
30
22
28
16.15384615
19
28
12
28.75
15
15.51724138
0
22
22
30
24
27
16
5
27
27
30
26
28.8
12
23
27
16
30
30
28
3
27
29
27
6
25
26
26
18.21428571
1
27
29
26
27
29
0
1
29
19
18
13
26
19.28571429
28
30
29
11
18
27
0
0
26
20
28
10
26
18
28
2
26
28
27
23
28
30
24.82758621
25
13
8
26
29
29
3
27
30
0
10
NA
30
30
26
29
30
21.11111111
27
18
28
18
24
24.44444444
NA
29
24
21
30
16.66666667
27
NA
26
25
28.92857143
30
22
13
30
22
21
21
4
NA
30
28
4
NA
5
28
28
29
30
15
29
23
10
19
8
22
0
23.79310345
7
17.72727273
23
9
NA
NA
27
27
20
27.6
20
NA
26
19.28571429
NA
27
23
NA
17
19.2
23.18181818
4
NA
15
30
19.2
22
22
28
NA
24
7
28
4
12
26
9
23
28
15
26
6
25
26
26
0
28
0
30
20.35714286
26
25
28
24
25
25.2
27
23
24
19.09090909
24
21
27
15
30
29
27.6
29
28
NA
28
5
26.66666667
28.8
28
27
28
6
29
NA
29
0
10
27
26
18
29
12.69230769
15
28
NA
26
21
30
24
2
5
3
30
5
NA
27
9
26
21.42857143
NA
20.76923077
29
28
27
19
28
27
NA
29
28
18
17
9
27
NA
30
NA
26
20
30
30
29
NA
29
12
23
16
26
13
29
28
30
27
27
26
29
26
25
18
8
28
12
22
26
24
26
30
0
22
30
30
11
28
7
30
13
9
NA
0
0
2
19.61538462
26
24.44444444
30
20
15
24
28
8.275862069
0
30
29
12
17
30
29
2
17
19
28
29
14
NA
28
26
30
21
22
27
16
30
22
29
21
22
29
NA
14
25
27
NA
24.82758621
25
26
27
22
13
3.103448276
26
7
9
29
25
27
15
24
NA
29
25
0
12
28
20
28
29
NA
27
NA
NA
28
26
29
26
26
30
16
28
24
30
28
26
9
24
30
23
NA
30
23
28
28
27
3
25
NA
9.642857143
24
27
24
29
29
10
28
29
24
NA
27
28
NA
12
6
30
23
12
26
29
0
13
14.4
27
19
30
27
5
24
23
14
22
28
