Sex(m=1) Edu    APOE    AGE             PMI
0	21	33	75.036276523	7.5
0	16	24	90	8.1666666667
0	13	33	90	4.75
0	18	23	90	3.25
0	18	33	87.301848049	16.716666667
1	19	33	84.988364134	15.166666667
1	20	34	78.324435318	9.75
1	21	33	88.202600958	2.3333333333
0	16	34	84.470910335	4.0833333333
1	12	33	89.045859001	7
0	15	33	90	4.5
1	18	34	87.383983573	4.5
1	10	33	88.492813142	8.8333333333
0	20	33	86.910335387	2.25
1	18	23	85.497604381	5.5
0	15	23	85.073237509	6.75
1	12	33	83.383983573	6
0	24	33	86.318959617	3.8333333333
0	20	33	88.657084189	3.5833333333
1	19	34	87.789185489	4
1	17	23	87.466119097	21.633333333
0	18	24	82.464065708	4
1	26	33	71.624914442	4.0833333333
1	22	33	90	5.0833333333
1	18	34	83.1321013	7.3333333333
0	16	23	76.900752909	3.75
1	19	33	85.60164271	11.166666667
0	19	33	86.910335387	5
0	22	33	82.461327858	3.5833333333
1	20	33	85.201916496	2.3333333333
0	16	33	87.211498973	14.5
1	18	33	81.095140315	9.9666666667
0	16	23	85.163586585	3.25
0	16	33	90	10.25
1	13	34	89.352498289	6.9166666667
0	18	33	90	5
0	18	23	86.674880219	1.5833333333
0	16	33	86.247775496	4.0833333333
1	17	33	84.906228611	4.25
1	21	33	83.066392882	2.5
0	24	33	90	3.6666666667
1	23	33	72.429842574	7
0	16	33	83.266255989	5.4166666667
0	16	33	90	2.5833333333
0	18	34	82.384668036	13.916666667
0	16	34	81.911019849	3.9166666667
0	21	33	82.143737166	7.9666666667
0	16	33	84.752908966	5.75
1	10	33	90	6
0	16	33	90	4.25
1	23	23	86.915811088	2.3333333333
1	16	33	82.965092402	15.616666667
0	16	33	80.470910335	4.3666666667
0	20	33	89.659137577	11.25
1	21	23	80.314852841	1.1166666667
0	16	33	83.728952772	5.3333333333
1	18	23	90	4.6666666667
0	18	33	87.509924709	3.5833333333
1	19	33	74.29431896	10.25
1	18	34	81.579739904	6.75
1	16	34	90	3.9166666667
0	12	33	84.665297741	3
1	12	23	67.370294319	5
1	16	33	90	2.8333333333
1	18	33	85.379876797	4
0	17	33	84.161533196	3.5
0	18	33	78.031485284	3
0	24	33	88.643394935	11.5
1	22	33	81.11156742	16
1	20	33	90	11.033333333
1	18	33	90	3.2833333333
0	16	33	90	3.0833333333
1	18	34	85.979466119	2.1666666667
1	18	24	90	9.5833333333
1	18	23	70.269678303	8.25
0	16	23	90	3
1	18	33	84.20807666	6.25
0	18	33	80.906228611	1.75
1	19	24	82.71321013	5.7166666667
0	16	34	83.162217659	7.5
1	12	33	88.950034223	6.75
0	18	34	90	5
0	22	24	90	4
0	19	34	86.275154004	6.4166666667
0	15	33	90	4.4166666667
0	19	23	77.798767967	9
0	16	33	90	4.25
1	14	33	74.450376454	7.0166666667
1	18	33	90	4.8666666667
0	17	33	90	5.3333333333
0	12	33	75.994524298	5.9166666667
0	18	23	90	4.25
1	18	33	79.375770021	4.85
1	12	33	90	5.25
1	20	33	89.631759069	7.25
1	16	33	87.570157426	19.366666667
0	18	34	90	4.1666666667
0	16	33	90	2.5
0	16	23	90	3.9166666667
0	11	34	89.667351129	2.9166666667
0	18	33	90	9.9166666667
0	18	34	90	5
0	16	33	90	12.75
1	20	23	88.960985626	2.5833333333
0	18	33	90	6.4166666667
0	12	34	90	8.25
0	12	33	76.284736482	2.9166666667
0	16	33	90	9.9166666667
1	20	34	85.776865161	4.5
1	16	33	90	13.583333333
1	18	23	84.804928131	20.5
1	23	34	85.828884326	1.5
0	16	33	90	12.383333333
0	18	33	71.310061602	7.8
1	16	34	89.642710472	6.9166666667
0	16	33	90	5.1666666667
1	20	23	76.818617385	8
0	17	33	90	10.05
1	12	33	84.925393566	3.3666666667
1	14	33	90	5.1833333333
0	16	23	90	6.4166666667
0	21	33	85.785078713	3.8333333333
1	11	23	90	5.5
0	12	23	83.690622861	3.9333333333
0	12	34	88.774811773	3
0	18	33	90	2.9
0	20	34	79.014373717	11
0	13	22	90	3.5
1	20	34	84.030116359	3.25
0	16	23	90	5
0	20	33	85.916495551	6.25
1	21	33	84.824093087	5.5
0	7	33	90	3.5
1	22	33	80.098562628	1.3333333333
1	21	33	89.861738535	21.066666667
0	16	33	80.854209446	4.8333333333
0	16	23	86.836413415	17
0	19	34	89.409993155	27
0	12	34	90	4.6666666667
1	12	33	90	9.8333333333
0	15	33	87.381245722	5.1666666667
0	19	34	90	1.75
0	16	33	90	4.7666666667
0	12	23	90	13.5
0	18	23	82.893908282	4
0	16	34	90	18.5
0	18	23	72.665297741	14.966666667
1	18	33	82.978781656	7.3333333333
0	15	33	90	5.3333333333
1	14	33	89.045859001	3.5
0	16	33	90	4.6666666667
0	14	33	90	3.9166666667
1	21	33	89.713894593	13.25
0	18	33	79.115674196	18.216666667
0	14	34	90	3.3333333333
1	12	33	80.772073922	9.0333333333
0	12	33	90	11.916666667
0	12	33	90	10
1	16	34	81.938398357	8.8333333333
1	12	33	78.518822724	7.9166666667
0	19	33	90	3.3333333333
0	21	33	90	1.95
0	15	34	90	2.75
0	14	33	90	5.25
1	12	33	83.252566735	7.25
1	6	33	82.770704997	10.5
1	16	33	84.024640657	4.5
1	12	22	90	8.75
0	14	34	87.403148528	7
1	15	33	90	4.1666666667
0	17	33	90	4.4666666667
0	20	34	79.441478439	4.5
1	18	33	87.868583162	6.1666666667
0	12	33	80.147843943	8
0	16	34	85.023956194	13.633333333
1	22	34	89.026694045	3.5
1	15	33	84.117727584	4
0	18	33	81.325119781	2
1	25	34	86.587268994	1.25
1	12	33	85.35797399	4.5
0	12	34	86.811772758	12.883333333
1	12	34	90	4.8333333333
1	23	34	74.959616701	16
1	20	33	77.319644079	10.083333333
0	17	33	86.110882957	3.6166666667
0	14	23	90	4.5
1	21	33	86.50513347	7
0	13	33	90	3.9166666667
0	18	33	90	5.75
0	12	33	86.548939083	4.8333333333
0	14	34	80.610540726	5.1333333333
1	12	33	87.92881588	4.3333333333
0	15	24	87.655030801	14.75
0	17	34	90	4
1	16	34	77.785078713	9.5
0	14	33	83.367556468	1
1	18	33	90	4.3833333333
0	16	33	90	15.733333333
1	22	44	90	21.416666667
1	21	33	74.600958248	4.75
1	20	34	88.706365503	4.5
1	15	33	81.618069815	7.1666666667
0	16	33	89.538672142	4.0833333333
1	19	34	81.300479124	8.6333333333
1	22	34	90	5.8333333333
0	16	24	90	3.5
0	16	33	82.934976044	3.1666666667
0	12	34	90	5.8333333333
0	12	33	84.750171116	3.8333333333
0	18	24	87.86036961	3.55
1	18	34	90	5.3333333333
0	16	33	90	19
0	16	34	90	17.416666667
0	20	33	87.93155373	23.333333333
0	11	33	78.146475017	8.0666666667
1	17	33	90	4
0	16	24	90	6.9666666667
1	20	33	85.35523614	7.4166666667
0	16	34	86.967830253	4.0833333333
1	16	33	89.500342231	20.666666667
0	18	23	90	5.4166666667
1	20	33	87.685147159	3.1666666667
0	18	33	81.815195072	5.3333333333
0	14	23	90	6.4166666667
0	14	33	90	6.5
0	18	33	87.852156057	13.666666667
1	22	33	87.567419576	9
1	18	33	84.637919233	13.666666667
0	12	33	84.73100616	9.4166666667
0	16	33	77.226557153	16.25
0	12	33	90	1.8333333333
0	18	34	90	4.1666666667
0	21	33	87.452429843	15.4
0	16	33	89.303216975	4.75
0	18	33	90	11.5
0	12	44	90	5.5833333333
0	18	33	84.440793977	10.583333333
1	18	23	72.147843943	5.8333333333
1	16	34	90	3.9166666667
0	18	33	90	18.75
0	12	33	89.308692676	6.75
0	16	33	90	8.5
1	21	33	84.364134155	3.6666666667
0	16	34	80.925393566	5.6666666667
1	16	34	85.817932923	6.1666666667
0	16	33	89.051334702	6.1166666667
0	18	33	90	3.6666666667
1	18	34	84.845995893	3.9166666667
0	15	23	89.013004791	11.15
0	20	33	90	4.8333333333
1	16	34	85.897330595	6
1	16	33	90	6.8333333333
0	12	34	88.750171116	21.2
1	14	33	89.32238193	4.9833333333
0	16	23	90	4.3333333333
0	10	33	83.975359343	7.9166666667
1	18	34	88.399726215	8.5833333333
0	18	33	90	5
0	20	34	83.575633128	13.2
0	18	33	90	6.2833333333
1	16	34	82.855578371	4.3
0	16	34	87.835728953	3.5
1	12	33	87.279945243	7.05
1	18	34	90	7.4166666667
0	20	33	90	3.3333333333
0	17	23	90	4.3333333333
1	18	23	90	4
0	20	33	87.846680356	4.2166666667
1	20	33	86.231348392	10.833333333
1	19	33	87.238877481	4.5
0	12	33	89.993155373	3.8333333333
0	15	33	90	6.65
1	17	33	90	1.5
0	12	23	90	4.7166666667
0	26	34	76.358658453	2.5833333333
0	18	34	90	4.5833333333
0	18	33	90	4.8666666667
0	20	33	90	3.8333333333
1	20	33	87.331964408	6.2166666667
1	21	33	80.873374401	8
0	18	33	84.648870637	13.033333333
0	18	34	83.110198494	5.9
1	21	33	90	2.5833333333
0	9	23	89.180013689	4.0833333333
1	20	34	85.850787132	10.633333333
1	12	33	78.674880219	7
1	12	34	79.307323751	4.9666666667
0	12	34	90	3.75
0	12	33	90	3.6666666667
1	20	23	85.834360027	7.6666666667
1	20	33	85.32238193	5
0	16	33	84.158795346	4.4
0	20	33	85.483915127	3.4166666667
1	18	33	77.733059548	5.9166666667
0	14	33	90	6
0	12	33	90	8.5833333333
1	20	33	90	4.4166666667
1	16	33	78.234086242	4.5166666667
1	20	24	90	3.0833333333
0	15	33	90	4.5
0	16	33	90	5.4833333333
0	25	34	87.991786448	4.8333333333
1	16	33	83.728952772	4.25
1	9	33	90	6.75
1	16	34	89.371663244	4.4166666667
0	16	33	83.745379877	6.75
0	7	33	90	17.583333333
0	16	23	90	4.0833333333
1	15	33	76.884325804	3.25
0	12	34	90	26
1	16	33	84.700889802	4.0833333333
1	10	33	71.660506502	5.4333333333
0	25	33	83.290896646	5.5833333333
1	16	33	90	9.5
0	20	34	90	4.3333333333
1	22	33	72.720054757	12.433333333
0	18	33	82.266940452	4.7166666667
0	12	34	80.032854209	6
0	14	23	90	9.0833333333
1	16	33	90	3.0833333333
0	14	34	90	6.5833333333
0	16	34	89.103353867	5.0833333333
1	16	33	85.826146475	3.25
0	22	34	88.183436003	5.0833333333
1	14	23	86.702258727	3.8833333333
0	18	34	90	3.8
1	16	22	85.911019849	6
0	11	33	84.832306639	6.5
0	16	33	86.203969884	6.5833333333
0	16	33	88.506502396	9.0333333333
0	8	23	90	5.4833333333
0	18	33	87.285420945	7.5
0	12	34	88.528405202	4.1666666667
0	16	33	89.478439425	4.3333333333
0	18	33	90	4.4166666667
1	13	23	90	3.5
0	15	33	88.539356605	6.5
0	16	22	90	8.9166666667
0	17	23	89.727583847	5.2666666667
1	22	33	76.271047228	14.5
0	12	33	90	3.7833333333
1	25	33	90	5.0166666667
0	16	33	90	4.45
0	15	34	78.444900753	7.45
0	17	33	89.393566051	4.7166666667
0	18	34	89.957563313	3.5333333333
0	12	33	81.215605749	5.75
0	13	33	89.957563313	3.6666666667
0	16	33	90	4.8
0	12	33	88.062970568	6.5
1	23	33	87.419575633	7.8833333333
0	13	33	89.360711841	6.2166666667
0	16	23	90	8.6666666667
0	12	23	90	4.7666666667
1	13	33	90	4.5833333333
0	12	23	90	5.95
0	18	23	90	4.5
0	12	34	90	11.983333333
0	16	33	90	3.8333333333
0	16	33	90	12.333333333
1	18	33	90	6.0666666667
0	18	33	74.825462012	5.9333333333
1	22	34	90	2.25
0	14	33	86.647501711	28.25
0	12	33	90	7.2833333333
0	16	33	87.416837782	10.35
1	16	33	90	7.75
1	16	33	82.691307324	7.2666666667
1	20	33	83.186858316	6.0833333333
0	16	33	90	4.5833333333
0	18	33	88.427104723	8.0833333333
0	12	23	77.796030116	9.8333333333
0	11	33	85.278576318	3.9166666667
0	13	33	87.326488706	7.1666666667
0	13	33	90	19.666666667
1	8	24	89.237508556	4.3
0	16	33	90	4.85
0	15	23	90	5.2333333333
0	21	34	84.807665982	4.4166666667
0	16	44	85.379876797	5.8333333333
0	10	34	89.158110883	9
0	12	33	82.691307324	6.5833333333
0	16	33	87.115674196	4.6333333333
1	12	33	76.386036961	4.8333333333
0	15	23	90	3.85
0	18	23	87.20054757	4.5666666667
0	19	34	89.579739904	5.8333333333
0	12	33	90	5
0	16	23	90	4.4166666667
0	20	33	86.513347023	9.0833333333
1	16	33	90	3.5
0	18	34	85.095140315	4.8333333333
0	14	34	84.876112252	5.25
0	18	33	90	18.333333333
1	20	33	77.319644079	8.0333333333
1	15	23	90	4.4666666667
0	16	23	90	5
1	14	33	90	6.3333333333
0	5	33	90	32.583333333
1	16	23	84.372347707	4
0	18	33	90	5.3
1	19	33	85.796030116	5.5833333333
1	12	33	88.112251882	8.75
1	18	33	77.45927447	3.6333333333
0	14	33	75.846680356	3
0	18	33	90	4.4
0	13	33	90	3.5
0	16	33	84.558521561	4.5
0	12	33	90	5.2
0	16	33	84.306639288	7.0833333333
1	20	34	90	9.9166666667
0	15	23	79.682409309	11.416666667
0	19	34	90	12.416666667
0	22	33	90	15.25
0	16	23	88.087611225	5.45
1	23	34	82.88569473	6.0833333333
0	18	34	90	3.8333333333
1	14	34	90	9
0	20	33	90	17.833333333
0	10	33	89.448323066	3.75
0	14	33	89.2183436	6.5
0	20	33	88.791238877	5.4166666667
1	13	34	90	6.2333333333
1	16	33	90	6.8666666667
0	12	23	90	4.9166666667
0	19	33	79.630390144	29.583333333
1	28	33	89.119780972	10.833333333
1	18	34	90	6.1666666667
1	20	33	74.984257358	5
1	12	34	87.991786448	7.5833333333
0	12	33	90	11.75
0	21	33	90	8.75
0	18	34	75.433264887	7.5
1	12	33	89.086926762	7.75
1	16	34	75.978097194	6.0833333333
1	16	34	90	8.6
0	12	34	90	8.8333333333
1	22	33	90	12.5
1	15	23	87.849418207	4.5833333333
1	21	33	84.303901437	18.5
0	13	33	77.163586585	5.5
1	15	33	88.944558522	19.5
0	18	33	90	19.5
1	16	33	90	6.1
1	18	33	83.871321013	5.0833333333
0	13	33	90	5.75
0	16	23	90	3.0833333333
0	18	33	90	7.5833333333
0	16	34	90	9.75
0	21	34	89.87816564	7.25
0	12	33	90	6.25
1	13	33	86.291581109	8.7333333333
0	21	34	80.687200548	6.75
1	13	33	76.6954141	13.75
0	12	23	90	5.6666666667
0	12	33	89.117043121	7.5
0	20	33	90	7.75
1	17	34	86.19301848	5.0833333333
1	17	33	90	7.75
0	16	34	75.852156057	4.2166666667
0	22	33	87.419575633	5.5833333333
0	12	33	90	5.1833333333
0	12	23	90	8.2833333333
1	15	23	90	40.8
0	18	33	84.755646817	5.8333333333
0	16	34	82.034223135	7.95
0	13	33	86.29431896	6.0333333333
0	20	34	88.791238877	5.5
1	23	33	86.896646133	6.6666666667
1	19	44	88.468172485	17.916666667
0	18	34	86.811772758	8.6666666667
0	13	33	90	8.1666666667
0	20	34	89.221081451	4
1	20	34	90	14.333333333
0	23	33	71.958932238	18.666666667
0	16	22	90	4.8333333333
0	12	33	90	6.9166666667
0	23	23	90	4.1666666667
0	16	33	89.727583847	6.55
0	20	23	90	2.75
0	18	23	90	7.5333333333
0	16	34	86.603696099	8
0	12	33	89.418206708	5.9166666667
0	18	23	90	5.6666666667
0	10	33	89.900068446	8.0833333333
0	21	34	81.180013689	5.75
0	16	34	80.736481862	6
1	18	33	89.467488022	7.5833333333
0	14	33	90	4.8333333333
0	20	23	90	13
0	16	33	90	4.4166666667
1	14	33	87.753593429	6.4166666667
0	20	34	87.668720055	17.416666667
1	14	33	85.431895962	7.5833333333
1	20	24	90	5.3333333333
1	22	33	85.180013689	8.5833333333
1	24	33	81.642710472	4.3333333333
0	14	33	87.72347707	10
1	19	33	86.19301848	3.6666666667
0	17	33	79.178644764	3
0	21	34	90	18.166666667
0	16	33	87.222450376	8.25
0	16	33	90	7.0833333333
0	12	33	90	7
0	15	33	90	3.9166666667
0	7	33	90	6.8666666667
0	11	34	90	7.0833333333
1	14	33	87.156741958	6
0	14	33	90	8.1666666667
1	14	33	90	7.4833333333
0	16	33	89.938398357	16.5
0	20	33	90	17.583333333
1	16	33	90	13.466666667
1	13	33	85.018480493	5.6666666667
0	13	23	90	5.8333333333
0	13	33	72.399726215	3
0	15	33	80.057494867	7.8333333333
0	16	33	83.430527036	9.7833333333
0	18	33	90	7.75
0	19	33	90	8.0833333333
0	20	33	89.735797399	2.75
0	14	33	86.19028063	5.8333333333
0	14	34	87.241615332	5
0	18	33	88.032854209	4.4166666667
0	18	33	90	6.4166666667
0	20	33	81.859000684	8.5
0	19	33	90	3.0833333333
1	19	34	73.790554415	3
1	12	34	77.177275838	2.5
1	25	33	76.309377139	2.5
1	22	44	78.510609172	4
0	18	33	86.978781656	3.5
0	16	33	90	5.6666666667
1	13	33	84.057494867	5.7166666667
0	17	33	89.730321697	11.25
0	16	33	87.991786448	2.9166666667
0	16	34	89.793292266	5.0833333333
0	18	33	84.34770705	12.916666667
0	16	33	88.599589322	19.583333333
1	12	33	84.320328542	5.75
0	13	34	90	6.9166666667
0	20	23	88.637919233	18.166666667
1	13	24	86.973305955	8.4166666667
0	18	34	90	5.75
1	19	33	89.538672142	5.9166666667
0	14	34	90	9
0	13	23	89.303216975	6.9166666667
0	12	33	90	8
1	19	33	90	6.8
0	17	23	90	6.7666666667
1	14	33	90	6.6666666667
0	12	34	82.403832991	6.5
1	16	33	90	5.7833333333
1	16	34	86.168377823	11.5
0	12	33	90	21.75
0	12	44	89.374401095	6.75
1	16	33	79.20054757	5.95
0	19	33	90	7.8333333333
0	17	33	86.036960986	10.333333333
0	12	23	90	8.25
1	16	24	87.12936345	9.5
0	14	33	90	4.5833333333
0	13	23	90	6.3333333333
0	12	23	90	6.0833333333
0	13	23	90	7.5666666667
0	13	33	90	5.25
0	16	34	89.273100616	5.6
0	18	33	90	5.9166666667
1	12	33	77.683778234	13.75
0	16	24	88.832306639	8.0833333333
0	10	33	90	14.5
0	21	33	87.947980835	7.2166666667
1	12	33	90	5.8333333333
0	12	23	90	8.3333333333
1	16	34	90	6.5833333333
0	14	33	90	6.6666666667
0	20	34	86.872005476	5.4166666667
1	12	33	80.889801506	10.9
0	14	33	87.370294319	4.25
1	16	33	84.881587953	6.25
0	18	33	88.52019165	8.75
0	14	33	90	7.35
0	13	34	90	4.5
1	25	33	90	18.166666667
0	16	33	90	4.6
1	15	33	90	8.75
0	15	33	84.476386037	10.283333333
0	11	34	90	5
0	17	23	88.479123888	6.1666666667
0	12	33	90	5.8833333333
0	12	33	77.314168378	5.25
1	13	34	89.045859001	7.7333333333
0	21	33	80.435318275	4.9166666667
0	13	33	88.197125257	9.4166666667
0	14	33	88.391512663	10.216666667
1	16	23	90	6.75
0	14	34	72.733744011	7.2833333333
0	12	34	90	6.6833333333
1	13	33	85.694729637	5.8333333333
0	12	33	85.133470226	6.25
0	12	33	82.242299795	5
0	15	33	88.164271047	4.7666666667
1	12	33	86.354551677	4.25
0	11	33	90	8.2166666667
0	12	34	81.327857632	12.75
1	21	33	83.537303217	22.25
1	24	33	82.370978782	3.9333333333
1	27	33	83.3045859	5.5833333333
1	14	23	90	6.5
1	21	33	90	2.3333333333
1	20	33	90	3.8333333333
1	10	34	86.269678303	17.75
1	20	34	90	5.6666666667
0	16	34	90	10.333333333
0	21	34	90	3.9166666667
0	21	33	90	10.083333333
0	18	33	86.0862423	12.916666667
0	21	33	81.675564682	20.833333333
0	18	33	90	13.533333333
0	20	33	90	7.8333333333
0	16	33	90	5.0833333333
0	18	34	86.182067077	6
0	12	34	90	4.4
0	17	24	90	10.116666667
0	16	33	90	3.0833333333
0	16	34	86.061601643	19.416666667
0	21	23	77.314168378	5.8333333333
0	18	34	90	4.4666666667
0	21	33	90	23.916666667
0	20	33	90	4.55
1	3	33	90	4.75
0	16	33	77.94934976	7.45
0	18	33	90	7.75
0	19	33	88.290212183	19.083333333
